305 100	 355 150
306 100 346 153
304 100 344 152
303 97 342 148
303 98 341 149
300 97 339 145
299 96 339 146
299 94 338 144
296 90 336 143
294 91 334 144
296 92 334 142
293 89 335 142
292 88 333 139
291 90 333 144
290 84 330 138
289 84 329 139
291 85 328 140
289 84 328 139
285 83 328 140
283 84 327 137
285 81 324 140
282 82 323 135
283 81 323 135
281 80 323 136
279 80 322 136
278 79 320 134
280 82 319 136
274 80 319 134
277 80 318 136
270 79 316 133
271 79 313 133
268 79 311 136
264 79 309 133
263 79 307 136
265 79 304 133
263 78 303 132
260 79 304 133
258 81 302 133
255 80 300 137
255 79 299 135
254 84 297 134
251 79 297 143
251 81 293 133
246 80 291 138
246 83 293 140
245 82 287 138
242 83 287 138
242 82 286 138
244 84 287 134
241 83 285 138
244 82 286 137
241 82 285 135
244 80 285 131
246 78 289 128
248 76 288 125
251 76 289 125
253 74 294 124
259 68 299 118
262 65 303 114
264 62 306 109
270 60 309 111
271 59 312 105
273 55 315 104
281 54 321 98
282 54 322 98
284 51 325 101
285 51 328 92
291 52 330 98
291 49 336 96
293 47 337 97
300 46 338 95
301 42 343 92
304 43 344 89
308 43 348 85
308 40 351 84
308 43 351 87
310 35 351 85
312 39 352 84
313 38 357 81
317 34 355 80
315 34 356 80
315 30 357 76
313 31 355 72
313 28 359 76
315 26 357 74
314 28 358 77
312 27 357 75
314 26 357 73
313 25 356 77
311 25 357 74
313 26 354 76
310 27 356 77
312 27 356 77
312 26 354 78
312 30 354 79
311 31 353 76
308 28 354 78
311 31 352 79
308 30 351 77
307 30 349 79
304 33 346 80
309 38 347 81
305 32 347 80
304 38 345 82
305 39 344 85
305 36 348 89
303 39 345 84
303 41 344 85
305 42 344 88
303 41 346 89
307 37 348 86
307 39 347 85
307 36 349 85
308 38 349 80
309 37 348 79
311 40 352 84
312 38 352 80
313 39 350 78
314 37 356 78
316 37 355 74
318 36 359 78
319 40 357 81
319 43 361 82
322 43 364 83
321 42 361 84
324 44 365 88
324 42 366 86
326 46 368 87
328 46 369 92
324 47 367 93
327 47 367 94
326 49 367 93
326 52 363 94
325 47 364 99
322 49 362 95
320 50 362 93
318 50 358 100
318 50 356 96
316 49 355 93
313 49 351 94
311 54 351 96
310 49 352 99
308 50 351 101
303 49 344 98
303 52 343 103
300 49 345 98
298 49 344 94
298 49 342 95
295 51 339 94
295 50 336 92
295 51 335 94
292 48 336 88
291 48 335 93
290 46 335 92
287 45 331 94
289 47 333 91
289 48 334 90
285 44 330 90
286 43 331 88
285 45 333 89
287 47 334 91
284 42 329 89
286 43 325 86
284 46 324 91
286 46 320 89
282 45 325 89
283 46 322 87
281 45 323 90
280 45 321 89
277 45 321 93
280 46 319 89
278 46 320 96
274 47 321 90
280 43 318 90
278 46 321 99
280 49 321 98
278 49 322 93
280 48 321 99
282 50 322 97
280 47 324 93
283 49 323 94
283 48 325 91
284 49 323 95
286 49 325 91
289 48 330 98
289 50 331 97
292 51 332 97
294 51 330 90
292 52 331 91
298 54 339 95
297 52 337 95
300 46 342 96
304 51 343 100
304 55 342 97
305 58 345 95
309 57 348 105
310 56 352 107
311 57 348 96
313 55 353 99
316 61 357 103
317 60 358 104
318 65 356 100
320 61 358 106
324 63 362 104
323 69 364 105
324 63 365 105
327 65 364 108
327 61 366 107
325 68 366 111
327 65 371 118
328 68 367 109
327 66 366 113
328 70 367 112
326 71 369 111
328 68 366 117
328 72 367 124
329 75 367 121
324 71 367 126
327 74 366 124
327 71 369 117
326 72 367 121
329 73 368 123
331 73 366 116
325 70 365 121
326 69 370 124
328 70 370 123
328 74 367 119
326 71 367 118
325 64 364 126
323 69 365 121
323 70 367 116
323 69 367 128
325 70 363 114
320 70 363 130
323 74 367 128
322 74 365 128
320 73 359 126
320 75 365 126
322 75 358 127
320 75 358 125
318 78 355 126
316 75 357 127
317 77 353 130
314 74 354 128
312 75 356 130
312 77 354 135
308 79 351 128
308 79 349 132
306 80 351 136
306 80 349 134
305 79 343 132
304 79 344 133
303 80 345 134
300 78 342 132
298 78 338 137
297 79 337 136
293 79 335 133
293 81 330 124
291 82 333 130
291 82 331 130
289 80 329 133
290 80 328 131
286 81 330 135
287 78 328 140
286 83 329 143
287 89 325 139
287 91 327 141
285 88 328 140
288 92 326 145
287 90 326 146
285 93 326 148
289 95 325 152
290 100 327 150
289 103 325 152
294 102 327 153
290 106 328 153
287 108 327 162
289 111 329 158
288 116 327 167
288 119 327 162
291 121 323 163
290 120 325 170
290 123 325 170
291 126 325 165
291 126 321 158
294 123 326 158
293 120 329 163
298 114 334 154
301 115 337 151
300 110 338 149
299 105 339 144
302 103 338 141
300 94 337 141
299 92 336 131
301 90 337 132
298 84 330 123
295 77 332 121
298 73 333 112
297 68 334 107
294 67 333 111
296 63 331 107
294 58 329 108
293 59 329 105
288 51 323 101
284 46 322 103
281 41 319 96
282 38 320 99
280 34 318 95
280 36 319 92
277 29 316 90
276 24 317 79
277 25 315 83
276 24 312 74
275 21 312 76
274 19 312 75
274 20 312 75
272 16 312 75
269 15 316 70
269 13 309 68
272 13 310 70
269 16 312 67
269 15 311 66
268 13 307 62
271 16 310 66
267 13 309 58
265 16 309 74
268 21 305 60
268 18 309 64
267 17 306 63
268 18 307 72
264 20 308 66
271 20 310 70
269 19 311 70
269 17 312 75
271 23 308 70
272 24 314 78
269 23 315 84
274 26 312 79
275 27 316 85
274 28 314 83
270 29 311 82
273 30 313 84
274 34 311 86
277 39 312 94
277 39 316 95
276 40 315 97
275 42 315 94
276 40 313 93
276 45 312 94
277 48 315 105
279 51 316 104
277 51 315 107
277 54 318 113
278 56 312 101
277 53 321 103
276 61 318 109
279 61 313 108
281 65 316 108
279 63 319 110
281 70 316 110
279 72 316 129
279 71 319 125
