302 135	368 215
300 135 363 214
299 143 359 216
297 143 361 222
301 145 364 221
302 145 367 226
307 149 371 225
307 146 373 224
307 150 375 228
309 152 371 223
309 148 370 226
312 147 376 229
317 140 385 220
322 142 393 215
332 136 399 214
334 134 403 209
331 130 398 205
333 130 397 207
329 129 399 208
337 122 403 201
340 119 412 199
344 113 418 194
351 113 424 188
357 111 426 194
361 115 435 201
370 123 444 209
374 128 450 211
370 122 447 205
364 109 433 193
353 96 423 174
347 90 415 167
345 87 409 165
343 86 405 165
336 88 404 168
337 96 410 174
352 108 422 187
362 122 438 210
365 133 450 219
378 132 451 210
370 116 445 198
364 99 440 186
363 91 433 178
358 95 432 173
356 84 431 168
357 89 435 173
357 95 436 179
363 106 440 186
369 124 450 191
371 139 458 233
371 137 459 231
371 133 451 215
369 117 441 196
362 105 436 183
360 102 429 174
355 103 431 181
353 110 428 185
353 120 428 199
354 140 423 214
352 158 428 231
359 170 423 242
347 171 412 240
342 153 402 222
332 130 399 203
326 125 392 199
319 121 385 196
314 122 377 200
311 124 372 195
312 128 367 201
310 141 372 212
309 161 369 237
312 171 368 243
301 188 370 265
302 189 370 263
294 176 359 244
285 150 351 224
276 134 346 205
271 128 334 197
276 130 333 195
270 129 330 200
268 136 323 201
269 147 328 215
265 156 321 229
265 175 324 241
260 188 319 254
265 188 318 252
258 180 317 244
256 177 310 236
253 180 305 242
252 190 302 248
247 196 300 245
256 203 298 243
249 206 300 251
254 213 300 257
250 213 298 261
255 216 299 265
254 215 297 256
252 211 300 262
258 209 301 261
258 209 303 259
260 204 306 256
262 201 311 257
269 209 301 243
252 196 305 232
258 190 305 230
260 180 309 218
261 181 311 232
259 165 308 222
271 167 312 220
257 169 314 225
262 163 310 217
262 154 315 216
257 152 314 212
257 156 308 217
250 148 300 210
241 155 294 210
247 150 290 204
243 144 285 190
254 152 290 202
252 142 296 203
251 137 295 198
253 138 301 198
254 130 300 184
250 135 304 194
257 136 303 205
257 134 310 201
257 134 307 196
267 135 314 198
269 137 328 212
277 136 330 216
281 133 328 201
279 138 325 201
283 142 333 213
287 147 334 218
289 149 340 221
283 152 341 224
285 146 339 226
287 146 338 212
292 147 341 219
289 146 346 219
289 146 341 228
294 150 346 221
283 154 342 218
280 147 337 221
278 147 334 217
278 146 334 219
267 154 331 223
271 137 325 216
270 141 322 217
261 139 320 215
253 136 309 215
237 143 302 218
237 140 295 214
244 143 292 214
244 146 285 223
240 145 281 214
237 143 283 215
235 144 281 210
234 143 277 206
233 141 277 207
234 147 278 217
231 144 279 213
237 148 282 214
237 155 281 217
243 160 289 224
252 159 302 222
260 159 303 222
267 167 310 220
284 171 323 230
288 171 331 234
292 173 341 242
300 180 341 235
300 180 347 242
305 187 348 243
306 186 352 239
308 188 358 237
314 188 358 244
317 191 368 249
325 192 372 250
327 194 378 252
333 194 381 245
331 194 379 254
333 194 383 252
338 187 394 240
352 191 405 244
359 185 408 237
356 183 416 231
359 176 412 233
369 183 420 244
361 183 422 254
367 183 422 264
370 186 420 254
371 169 421 241
365 158 418 223
360 152 414 224
359 155 408 223
361 167 410 233
352 177 406 239
363 189 413 248
358 197 416 264
362 192 415 259
366 176 416 254
369 169 411 235
358 156 409 219
359 151 408 218
355 147 405 218
353 156 403 220
348 168 396 228
355 180 399 243
341 181 395 254
335 172 381 239
326 164 370 232
328 157 360 213
319 157 369 212
323 153 359 213
318 166 355 218
319 171 352 225
313 179 349 235
314 195 354 250
315 194 351 252
315 192 355 253
321 192 359 240
329 184 358 226
325 175 357 221
322 179 356 225
325 186 351 216
320 188 359 227
317 191 352 237
323 195 358 242
322 190 349 233
311 177 343 221
301 171 337 209
305 170 341 203
306 164 338 203
309 171 337 201
304 173 341 206
304 180 335 218
303 183 342 226
308 186 341 235
311 174 337 211
318 182 349 209
320 187 350 220
321 189 348 221
321 188 357 217
322 183 355 209
314 171 346 204
318 159 344 194
321 154 348 189
316 148 345 180
317 146 347 185
318 150 348 184
319 154 354 190
317 159 343 193
317 159 356 187
320 153 347 180
326 142 355 169
323 136 350 166
319 129 343 165
321 128 352 159
317 125 344 162
317 131 351 165
325 135 354 170
316 145 344 176
315 142 339 172
308 134 333 169
308 130 333 154
307 126 332 155
304 121 333 153
304 128 330 154
304 134 329 165
304 139 327 170
298 150 327 177
301 152 325 181
298 152 321 183
296 152 319 181
304 152 326 175
300 149 329 176
301 150 330 183
308 152 330 188
306 152 334 190
305 156 342 193
310 159 336 190
307 155 328 182
303 155 326 181
302 149 328 167
306 144 329 168
302 139 335 172
307 139 330 181
302 135 332 181
306 144 333 178
306 142 332 181
309 148 332 174
309 137 332 166
310 134 333 166
311 131 338 158
311 124 344 156
311 126 348 154
312 134 346 174
316 139 348 180
319 139 354 173
313 140 343 176
313 138 341 171
307 130 342 161
311 123 340 156
312 122 348 151
314 117 347 147
318 126 343 156
317 136 352 172
321 148 347 176
318 149 351 181
319 153 346 184
319 140 351 176
322 136 353 166
322 133 353 159
325 130 353 159
327 131 352 159
318 132 355 162
318 134 360 166
320 139 356 177
321 136 363 176
319 136 356 168
319 124 347 161
316 124 350 155
319 120 356 148
315 111 346 143
315 114 348 145
314 117 344 153
309 125 339 161
306 134 337 158
308 132 336 164
308 132 330 159
304 126 339 151
302 116 333 140
308 116 339 141
306 117 331 143
305 126 337 147
304 122 338 151
303 136 338 169
308 139 340 174
305 143 342 173
308 136 339 171
311 128 342 158
315 126 344 155
315 123 346 155
318 123 351 151
321 126 346 151
318 137 354 165
326 136 352 168
324 129 349 166
324 132 352 168
328 140 361 163
331 130 352 157
325 131 355 160
329 132 351 152
326 131 345 153
328 133 355 154
332 132 355 159
327 127 359 168
329 130 360 166
332 120 362 165
327 122 355 164
323 130 359 166
326 128 352 168
326 135 359 173
323 136 361 162
329 130 352 150
324 117 357 141
316 112 350 153
309 111 345 149
303 111 340 148
313 118 348 165
316 127 345 167
310 127 344 175
315 132 347 168
311 124 343 172
316 132 349 171
312 132 352 177
317 133 348 170
318 141 347 174
322 140 360 191
326 139 363 194
329 142 366 190
335 142 378 190
337 140 371 190
346 148 377 187
350 145 376 189
348 152 379 195
344 150 383 200
345 158 378 208
338 161 380 220
342 172 377 221
330 168 360 214
325 163 371 223
